0.625,3
1.125,0
2.0,1
3.125,2
4.375,3
5.375,3
6.25,2
7.375,2
7.375,3
8.75,2
9.0,0
9.25,1
9.5,2
9.875,0
10.25,3
10.5,2
11.0,1
12.875,0
13.125,1
13.375,2
13.625,3
14.125,0
14.375,2
14.625,1
15.25,0
17.0,0
17.5,3
17.75,2
18.25,1
18.5,3
18.75,0
19.25,2
19.875,1
20.5,3
21.0,0
21.5,3
21.75,1
22.25,2
22.5,0
22.625,3
23.25,2
23.25,3
23.875,3
24.375,2
25.125,3
25.625,2
26.0,0
26.5,3
27.0,1
27.5,0
28.0,1
28.875,0
28.875,1
29.375,3
29.875,0
30.125,2
30.625,1
30.875,3
31.125,0
31.25,2
31.625,1
32.125,1
32.75,1
33.0,1
33.5,0
34.125,3
34.375,0
34.875,2
35.125,1
35.375,3
35.875,3
36.125,1
36.375,2
36.75,0
37.25,2
37.75,3
38.5,2
39.0,4
39.75,1
40.25,0
40.75,2
41.0,3
41.375,0
41.5,4
41.875,1
42.375,3
42.75,4
43.375,4
43.875,3
44.125,1
44.375,4
44.875,0
45.375,1
45.875,2
46.5,1
46.75,0
46.875,3
47.25,1
47.75,4
48.125,3
48.625,4
49.0,1
49.25,4
50.125,0
50.625,0
51.125,0
51.625,0
52.25,0
52.75,0
53.25,0
53.75,0
54.25,1
54.75,2
55.375,2
55.875,2
56.375,2
56.875,3
57.375,3
57.875,3
58.375,4
58.875,4
59.375,4
59.875,4
60.375,3
60.875,3
61.375,3
61.875,3
62.5,0
63.0,0
63.5,0
64.0,0
64.625,1
64.875,3
65.125,4
65.625,0
65.875,1
66.125,3
66.625,4
67.125,2
67.375,3
67.75,1
68.25,4
68.75,0
69.625,1
70.0,3
70.25,4
70.375,0
71.0,2
71.125,3
71.375,1
71.875,4
72.125,3
72.25,1
72.625,2
72.625,1
73.125,4
73.125,3
73.75,2
74.25,1
74.75,0
74.75,1
75.25,3
75.375,1
75.875,0
76.125,4
76.5,1
76.875,3
77.375,4
77.375,3
77.75,4
77.75,3
78.25,2
78.5,4
78.625,1
79.0,3
79.25,0
79.625,1
79.875,3
80.125,1
80.5,4
80.75,0
81.875,0
81.875,1
83.125,4
83.25,3
83.875,4
83.875,3
84.5,4
84.75,3
85.0,1
85.5,4
86.0,1
86.25,3
86.5,0
86.875,4
87.0,1
87.75,3
87.875,4
88.125,1
88.75,4
89.125,0
89.875,3
90.375,1
90.875,4
91.375,4
91.875,1
92.125,3
92.75,0
93.25,4
93.5,1
93.75,3
93.875,4
94.25,1
95.0,0
95.25,0
95.875,0
96.125,3
96.375,1
97.125,4
97.375,3
98.125,4
98.625,4
98.625,3
99.25,4
99.25,1
99.75,3
100.5,4
101.0,1
101.25,3
101.5,0
102.0,4
102.5,1
102.625,3
103.125,2
103.375,4
103.625,1
104.25,0
104.5,3
104.625,1
105.125,4
105.375,1
105.5,3
105.75,4
106.125,4
106.125,3
106.375,4
106.375,3
107.0,0
107.0,1
107.5,0
107.5,1
108.0,0
108.0,1
108.875,4
108.875,3
109.25,4
109.875,4
109.875,3
110.625,4
111.375,4
111.375,3
112.0,4
112.625,1
112.875,3
113.625,0
113.625,1
113.875,1
114.625,1
114.625,3
114.875,4
115.75,0
116.25,1
116.5,3
116.75,1
117.0,4
117.25,0
117.375,4
118.125,4
118.375,0
118.5,3
119.25,1
119.5,4
119.875,3
120.125,4
120.75,2
120.75,1
121.0,2
121.0,1
121.5,1
121.875,4
122.375,3
122.875,4
123.5,3
123.75,0
124.0,4
124.5,1
125.0,3
125.625,0
125.875,4
126.125,1
126.625,4
126.875,0
127.125,3
127.625,1
128.125,4
128.625,4
129.5,1
129.625,4
130.0,0
130.25,3
130.375,1
131.0,2
131.125,3
131.25,1
131.625,4
131.875,2
132.25,2
133.0,3
133.25,4
133.375,3
134.0,2
134.375,1
134.875,1
135.5,0
135.875,1
136.25,3
136.75,0
137.125,4
137.625,1
138.375,4
138.5,3
138.875,0
139.0,4
139.375,1
139.5,3
139.75,2
141.0,3
141.375,1
141.625,4
141.875,0
142.0,3
142.375,1
142.875,2
143.125,3
143.25,0
143.625,4
143.875,2
144.375,4
144.75,4
145.375,1
145.625,3
146.25,0
146.875,4
147.25,0
147.75,3
148.0,1
148.5,4
149.375,1
149.75,3
150.125,2
150.25,4
150.75,1
151.0,3
151.25,0
151.75,1
152.0,3
152.125,0
152.625,4
152.75,1
153.0,3
153.5,4
154.0,4
154.25,4
154.5,1
155.125,4
155.25,0
155.5,3
155.625,1
156.25,4
156.5,4
157.0,1
157.125,4
157.25,0
157.5,3
157.875,1
158.5,0
158.75,0
159.25,3
159.5,1
160.125,4
160.375,2
161.5,2
162.75,3
163.625,4
164.125,3
164.5,1
164.625,2
165.375,2
165.5,1
166.125,0
166.375,0
166.75,0
167.25,1
167.625,3
167.875,4
168.5,3
168.75,1
169.625,4
169.625,3
170.0,1
170.0,0
170.5,2
170.5,3
171.125,1
171.125,4
171.75,3
171.875,1
172.375,4
172.875,0
173.25,3
173.25,1
173.875,0
173.875,4
174.625,3
174.75,1
175.125,2
175.5,4
175.875,1
176.625,3
176.875,2
177.125,4
177.75,4
177.75,3
178.375,2
178.375,1
178.875,0
178.875,1
179.375,4
180.125,4
180.125,3
180.75,2
181.0,4
181.125,1
181.625,3
182.25,0
182.375,1
182.875,4
183.0,1
183.25,3
183.75,0
184.25,0
184.375,0
184.875,0
185.125,1
185.375,2
185.75,4
186.125,3
186.375,1
186.625,4
187.125,0
187.625,1
188.25,4
188.5,3
189.0,1
189.5,0
189.75,1
190.0,3
190.125,1
191.125,4
191.375,0
191.625,1
192.125,3
192.375,2
192.625,1
193.125,4
193.5,4
194.125,4
194.375,1
194.625,3
195.0,0
195.375,4
195.875,0
196.125,4
196.25,1
196.5,3
196.625,1
196.875,4
197.0,2
197.75,4
198.0,0
198.25,1
199.0,2
199.25,3
199.625,1
199.75,4
200.375,0
202.0,0
202.375,4
202.625,1
202.75,3
203.375,2
203.5,4
203.75,1
204.0,0
205.0,4
205.75,3
206.25,1
206.375,4
206.75,0
206.875,3
207.5,1
207.75,4
209.125,4
209.875,4
210.25,1
210.5,4
210.75,2
211.0,4
211.25,0
211.75,3
212.0,1
212.25,4
213.25,2
214.0,4
214.375,3
214.625,0
214.875,4
215.125,1
215.25,2
215.75,3
216.125,2
216.375,4
216.875,4
217.0,1
217.25,3
217.625,0
217.75,1
218.125,4
218.75,3
219.0,4
219.25,3
219.25,4
219.5,2
219.5,1
219.75,4
220.0,1
220.25,3
220.625,0
220.875,4
221.0,1
221.25,3
221.625,2
221.875,4
222.125,1
222.25,0
222.5,4
222.875,1
223.125,3
223.375,1
223.625,4
223.875,0
224.25,4
224.5,2
224.75,4
225.0,1
225.25,4
225.5,2
225.75,4
226.0,3
226.25,1
226.5,4
226.75,0
227.0,3
227.25,1
227.625,4
227.875,3
228.125,1
228.375,4
228.625,0
228.875,3
229.125,4
229.375,1
229.625,3
229.875,0
230.125,4
230.375,1
230.625,3
230.875,0
231.125,4
231.375,1
231.75,3
232.0,4
232.25,0
232.5,3
232.75,1
233.0,4
233.25,0
233.5,3
233.75,1
234.0,4
234.25,0
234.5,3
234.75,1
235.0,4
235.25,0
235.5,3
235.75,1
236.125,4
236.375,0
236.625,3
236.875,1
237.125,4
237.375,3
237.5,0
237.75,4
238.0,1
238.25,3
238.625,4
238.75,0
239.125,4
239.375,3
239.625,1
239.875,0
240.125,4
240.375,3
240.625,1
240.875,0
241.25,4
241.5,3
241.625,1
242.0,4
242.125,0
242.5,3
242.75,4
243.0,1
243.25,3
243.5,0
243.625,4
243.875,3
244.25,1
244.5,4
244.75,3
245.0,0
245.375,2
245.625,3
245.75,1
246.0,0
246.25,4
246.5,3
246.75,2
247.0,4
247.375,1
247.625,3
247.875,1
248.125,2
248.5,4
248.75,1
248.875,3
249.0,0
249.375,3
249.625,1
249.75,4
250.125,2
250.5,3
250.625,1
250.875,0
251.125,4
251.375,3
251.75,1
252.0,4
252.25,0
252.375,3
252.75,1
252.875,2
253.25,4
253.375,3
253.75,1
254.0,4
254.125,3
254.375,0
254.625,4
254.875,3
255.125,1
255.375,2
255.875,4
256.0,3
256.25,1
256.5,2
256.75,4
257.0,3
257.25,0
257.5,1
257.75,2
258.125,4
258.25,3
258.5,1
258.5,2
259.0,4
259.125,3
259.375,1
259.625,2
260.0,4
260.25,3
260.5,1
260.625,2
260.875,4
261.125,3
261.375,1
261.5,2
262.125,4
262.25,3
262.5,1
262.625,2
263.0,4
263.25,3
263.5,1
263.75,2
264.0,4
264.25,3
264.375,0
264.75,4
264.875,3
265.25,1
265.5,4
265.75,0
266.0,3
266.5,1
267.25,4
267.75,3
268.375,4
268.375,3
268.625,1
268.875,4
269.125,0
269.5,3
269.625,1
270.0,4
270.25,2
270.5,3
270.75,1
271.0,0
271.25,4
271.5,2
271.75,3
272.0,1
272.25,0
272.5,4
272.75,3
273.0,1
273.25,2
273.5,4
273.75,3
274.0,1
274.25,0
274.5,3
274.75,4
275.0,1
275.25,4
275.5,2
275.875,3
276.125,1
276.375,0
276.625,4
277.0,3
277.25,1
277.5,4
277.75,2
278.0,3
278.25,1
278.5,0
278.75,4
279.0,3
279.375,1
279.625,4
279.875,0
280.125,3
280.375,1
280.5,2
280.875,4
281.0,0
281.375,3
281.5,1
281.75,2
282.125,4
282.25,0
282.625,3
282.875,1
283.125,2
283.25,4
283.5,1
283.75,0
284.125,3
284.5,1
284.875,4
285.875,4
286.25,3
286.5,2
286.75,1
287.0,0
287.125,4
287.375,3
287.75,2
288.0,1
288.375,0
288.75,0
289.25,0
